RC1227R 2018 calibration

Image_size: (2592,3888)
A_Mat = np.array([[3214.03657558362,0,0],[0,3237.12022154347,0],[1994.65565535286,1339.21266495130,1]])
A = A_Mat.T
k1 = -0.163614941137452
k2 = 0.0917298853261050
p1 = 0
p2 = 0
k3 = 0
distCoeff = np.array([k1,k2,p1,p2,k3])