RC0220Ra 2018 calibration

Image_size: (2592,3888)
A_Mat = np.array([[3876.05658615236,0,0],[0,3895.72930299343,0],[1913.44438724644,1371.72465447568,1]])
A = A_Mat.T
k1 = -0.103855357514449
k2 = 0.0917758599801266
p1 = 0
p2 = 0
k3 = 0
distCoeff = np.array([k1,k2,p1,p2,k3])




