RC0307Rf 2018 calibration

Image_size: (2592,3888)
A_Mat = np.array([[3634.13529494755,0,0],[0,3651.71844146905,0],[1842.76994991078,1240.98226007733,1]
A = A_Mat.T
k1 = -0.134888310194568
k2 = 0.0987327446646334
p1 = 0
p2 = 0
k3 = 0
distCoeff = np.array([k1,k2,p1,p2,k3])